package obama.sitemodel;

public class C30MixedSiteModel extends C10MixedSiteModel {

	public C30MixedSiteModel() {
		super();
		freqs = new double[][]{{0.110045,0.00190472,0.159541,0.109896,0.00166295,0.0684302,0.0137951,0.00262831,0.0358554,0.00733965,0.00247064,0.0640338,0.166936,0.0310187,0.0171295,0.138179,0.0568343,0.00823656,0.000466112,0.00359702},
			{0.0874125,0.00498264,0.032612,0.0951701,0.00489966,0.0144043,0.0210627,0.0399884,0.11472,0.0301585,0.0126489,0.0382152,0.0137397,0.0798169,0.080632,0.087377,0.155862,0.0793881,0.00151228,0.00539745},
			{0.0225477,0.00500182,0.000595928,0.00150305,0.0089216,0.0011571,0.000937432,0.394469,0.00136009,0.0889573,0.0189103,0.00130346,0.0018312,0.00114366,0.00149005,0.00283364,0.0189813,0.425056,0.000669375,0.00233037},
			{0.0602158,0.000952546,0.290008,0.361087,0.00146256,0.0281926,0.0130501,0.00305162,0.0352705,0.00604019,0.00274606,0.0414988,0.0127175,0.0621611,0.0136833,0.0318109,0.022528,0.00932584,0.000794803,0.00340246},
			{0.0101224,0.00859894,0.000637919,0.00112496,0.278538,0.00240852,0.00477534,0.0701153,0.00167485,0.413591,0.0744863,0.00129289,0.00404666,0.00350286,0.00283449,0.00370872,0.00523793,0.040886,0.0200223,0.0523939},
			{0.133583,0.00105145,0.112578,0.209957,0.00167936,0.0207552,0.012133,0.00735265,0.0771772,0.0133278,0.00305717,0.0213892,0.18902,0.0565844,0.028479,0.0484054,0.0373318,0.0225174,0.000926699,0.00269464},
			{0.0408277,0.0153918,0.00306349,0.00660109,0.157505,0.00581131,0.0245212,0.148751,0.00759232,0.16378,0.0385527,0.00804649,0.00583522,0.0102922,0.0124492,0.0151579,0.033222,0.154771,0.0264937,0.121334},
			{0.246906,0.103941,0.00274183,0.00549448,0.0251776,0.0373263,0.00857523,0.0292404,0.00561231,0.0535091,0.0302246,0.016893,0.00780989,0.0103988,0.0106279,0.164235,0.123989,0.0955868,0.00531559,0.0163954},
			{0.0549429,0.0099281,0.00929153,0.0417085,0.024386,0.0105564,0.0363512,0.0569585,0.115252,0.168183,0.0592328,0.0202958,0.00830554,0.0906036,0.130543,0.0283779,0.0412594,0.0592101,0.00963554,0.024978},
			{0.0462773,0.0172727,0.0182504,0.0224266,0.133632,0.0160971,0.135785,0.0164967,0.0239396,0.0598936,0.0164507,0.0412365,0.0117413,0.0348991,0.0362984,0.0454156,0.0304388,0.0253979,0.0330338,0.235016},
			{0.047438,0.00823324,0.0112117,0.0388101,0.0116644,0.00559986,0.0149157,0.183217,0.0467851,0.110069,0.0356444,0.0222454,0.0100245,0.0374051,0.041018,0.0317171,0.111435,0.219931,0.00266856,0.00996601},
			{0.0213608,0.00610249,0.00129412,0.00362973,0.0371808,0.0030017,0.00384259,0.130947,0.00545678,0.456699,0.194784,0.0039879,0.00407473,0.0139566,0.00699762,0.00769915,0.0198019,0.0693208,0.00340864,0.00645457},
			{0.0919632,0.0117031,0.0306717,0.0171908,0.00415894,0.0370685,0.0100793,0.00931237,0.0205386,0.0097241,0.00757673,0.0764682,0.0179686,0.016006,0.0160005,0.325447,0.274438,0.0178218,0.00138874,0.00447397},
			{0.464925,0.0233329,0.00507317,0.00579942,0.00255882,0.149524,0.00232984,0.00433612,0.00285254,0.00559955,0.00393132,0.00753048,0.0186467,0.00435713,0.00430132,0.215019,0.047703,0.0292668,0.00090381,0.00200872},
			{0.205133,0.00209159,0.107098,0.198973,0.00182351,0.0487574,0.0127143,0.00581247,0.0667787,0.0133472,0.00437834,0.0339418,0.0110998,0.0822742,0.0439661,0.0873962,0.0519782,0.0193174,0.00073616,0.00238214},
			{0.026369,0.00394624,0.311772,0.0694354,0.00233519,0.0799842,0.0309615,0.00275212,0.0288631,0.00385797,0.00183637,0.272716,0.00624576,0.0218979,0.0133614,0.0798729,0.0324143,0.00427053,0.000722966,0.00638577},
			{0.15265,0.00402153,0.0237392,0.0377949,0.00585844,0.0306214,0.014193,0.0123318,0.0375543,0.0290062,0.00644732,0.016823,0.38645,0.0341734,0.0332784,0.0880336,0.0489543,0.0313553,0.00182526,0.00488778},
			{0.00802476,0.00234121,0.000338596,0.000781895,0.0311968,0.000540383,0.00100264,0.317706,0.00125983,0.373789,0.0488212,0.00063274,0.00206875,0.00155079,0.00174086,0.00120951,0.00656968,0.19446,0.00163092,0.00433436},
			{0.059995,0.0016885,0.0889731,0.0962701,0.00118007,0.0588796,0.0327277,0.00214673,0.182586,0.00708764,0.00339794,0.133492,0.0141408,0.0864856,0.100054,0.0779002,0.0448817,0.00422414,0.000624903,0.00326411},
			{0.0393521,0.00990719,0.0431198,0.039464,0.0188681,0.0282866,0.209572,0.00761014,0.0596434,0.025834,0.00845867,0.142548,0.00968405,0.101979,0.0838171,0.0624999,0.0347088,0.0127686,0.00546458,0.0564145},
			{0.00727155,0.00678525,0.00276038,0.00250694,0.127148,0.00808347,0.0113218,0.00566096,0.00177351,0.03942,0.00798661,0.00197568,0.00410981,0.00433393,0.0140999,0.00522444,0.00430223,0.00942264,0.627357,0.108456},
			{0.090707,0.00636999,0.0745873,0.0386802,0.00288592,0.475005,0.016809,0.00147211,0.0343856,0.00551498,0.00246921,0.0860678,0.0112151,0.0259377,0.0290062,0.073111,0.0153706,0.00392819,0.00229148,0.00418607},
			{0.00552919,0.00721059,0.00114134,0.000968304,0.374409,0.0016071,0.0325831,0.00829184,0.00138494,0.0353678,0.00744868,0.00460866,0.00133746,0.00226922,0.00246263,0.00574027,0.00372796,0.00988026,0.0330334,0.460998},
			{0.244326,0.027388,0.00315909,0.00767156,0.00606194,0.019609,0.00201894,0.101744,0.00454923,0.0468424,0.0201286,0.00624227,0.0185219,0.0053594,0.00453866,0.0497754,0.11708,0.310493,0.000957725,0.00353337},
			{0.0863111,0.00244198,0.0600903,0.20361,0.00293931,0.0175221,0.0245245,0.0105994,0.148579,0.027121,0.00958244,0.0313963,0.00682768,0.167235,0.0984812,0.03478,0.0408211,0.0202271,0.00140013,0.00551054},
			{0.0643926,0.00231659,0.162821,0.17627,0.00430667,0.0297139,0.0303504,0.0088163,0.072714,0.0148017,0.00567484,0.103121,0.00992703,0.0752535,0.0369049,0.0926434,0.083313,0.0161551,0.00112371,0.00938015},
			{0.173668,0.00835966,0.0285985,0.0483894,0.0058274,0.0781901,0.0266135,0.00686419,0.0964012,0.0219499,0.0112303,0.0520405,0.0169661,0.0722447,0.0943629,0.15478,0.0751702,0.0172524,0.00287745,0.00821304},
			{0.0347857,0.00627549,0.00923552,0.0323568,0.00343035,0.0170288,0.0306439,0.00919323,0.302085,0.0224429,0.00937208,0.0314157,0.0104447,0.0861073,0.307598,0.0326883,0.0328713,0.0130832,0.00252449,0.00641713},
			{0.108774,0.0247877,0.00158232,0.00417699,0.0316523,0.0134703,0.00247658,0.164346,0.00270004,0.233715,0.0539213,0.00326798,0.0154887,0.0057932,0.0051781,0.0188188,0.0474912,0.251283,0.00376565,0.00731064},
			{0.110101,0.00726998,0.0579269,0.0828181,0.0269154,0.0314463,0.0308557,0.0530866,0.029386,0.109679,0.0458729,0.0435099,0.0296431,0.0615197,0.0324325,0.0715888,0.0685882,0.0754042,0.00623241,0.0257238},
			};
	}

}
