package obama.sitemodel;

public class C50MixedSiteModel extends C10MixedSiteModel {

	public C50MixedSiteModel() {
		super();
		freqs = new double[][]{{0.115682,0.00212412,0.125699,0.0919063,0.0016175,0.0391977,0.0108596,0.00344834,0.0344439,0.0125587,0.00467132,0.0530851,0.206661,0.0264814,0.0147638,0.154493,0.0841319,0.0134754,0.000392551,0.00430762},
			{0.0983768,0.00160659,0.0456633,0.0935028,0.00112009,0.0251388,0.0191777,0.00367483,0.151407,0.0115555,0.00258422,0.0266318,0.229718,0.0694385,0.0855866,0.0696565,0.0498854,0.0123983,0.00069296,0.00218381},
			{0.0214598,0.00446298,0.000555089,0.00135258,0.00855351,0.00112246,0.000813505,0.399631,0.00128242,0.0868331,0.0170323,0.00117488,0.00183519,0.00101872,0.00142423,0.00233511,0.0161891,0.430205,0.00061736,0.00210206},
			{0.117155,0.032654,0.00620066,0.00998032,0.0657132,0.0333659,0.0134621,0.0557335,0.00794829,0.199356,0.0938018,0.0221831,0.0115415,0.0204903,0.0146873,0.0842555,0.0920314,0.0798031,0.0127314,0.0269048},
			{0.0371284,0.0131607,0.00255462,0.00465054,0.156922,0.00416133,0.019977,0.178808,0.00498614,0.165159,0.0352649,0.0057612,0.00512406,0.00679862,0.00826841,0.0102949,0.0275498,0.181807,0.0221255,0.109498},
			{0.0540087,0.000836323,0.306245,0.38187,0.00111469,0.0245756,0.0116353,0.00254509,0.030937,0.00536416,0.00256903,0.0359123,0.0122515,0.0586791,0.0115134,0.0277199,0.020314,0.00828799,0.000720693,0.00290032},
			{0.0404572,0.028652,0.00495693,0.0068813,0.242849,0.0103569,0.0318377,0.0329142,0.0105561,0.143431,0.0485779,0.0105988,0.00489299,0.0118557,0.0126873,0.0229136,0.0212457,0.0349069,0.0593874,0.220042},
			{0.319667,0.138968,0.00144847,0.00200138,0.00997903,0.0503464,0.00296588,0.0182219,0.00202126,0.0260477,0.0136422,0.00936868,0.00591365,0.00358722,0.00435407,0.1656,0.118413,0.0996664,0.00164228,0.00614589},
			{0.0977328,0.00251083,0.0724816,0.197027,0.00556062,0.0117997,0.0154288,0.0563751,0.0613631,0.047368,0.0159721,0.0241106,0.0149,0.0909736,0.034432,0.0408092,0.0929289,0.111482,0.00122744,0.00551621},
			{0.0195453,0.0107627,0.0127492,0.011794,0.14032,0.0061666,0.215761,0.00826718,0.0118897,0.0328258,0.00664433,0.0423533,0.00528472,0.0258824,0.024497,0.0203711,0.0124449,0.0133889,0.0330587,0.345993},
			{0.185338,0.00185224,0.161345,0.234878,0.00192286,0.054278,0.0109591,0.00550122,0.0382027,0.00925008,0.00343293,0.033406,0.0233824,0.0551124,0.0201268,0.0884267,0.051789,0.0177494,0.000835994,0.00221142},
			{0.0143603,0.0036047,0.000411253,0.00108887,0.0196479,0.00187385,0.000991664,0.285685,0.00213672,0.317288,0.150556,0.00155703,0.00122034,0.0028111,0.00194519,0.00344669,0.0196686,0.167294,0.000843478,0.00356936},
			{0.150577,0.00957632,0.0227565,0.0358641,0.0104881,0.0285062,0.0171219,0.0577109,0.0276149,0.0531781,0.0298859,0.0514957,0.0243637,0.0354202,0.0272841,0.132633,0.169554,0.104387,0.00219421,0.00938724},
			{0.277615,0.0280749,0.00194439,0.00537302,0.0070772,0.0234861,0.0012257,0.0949678,0.00308357,0.0474515,0.0189616,0.0034483,0.0134815,0.00374076,0.00354151,0.0423818,0.0932708,0.326207,0.000963513,0.00370386},
			{0.205879,0.00249091,0.075426,0.161651,0.00210732,0.0463391,0.0159993,0.00515537,0.0913036,0.0166911,0.00536596,0.0366042,0.00849072,0.0973331,0.0696431,0.088244,0.0501877,0.0172747,0.000776174,0.0030381},
			{0.0704473,0.00149732,0.187469,0.208434,0.0013217,0.0409359,0.0247326,0.00339884,0.0739754,0.00761491,0.00270559,0.0965448,0.00673196,0.0820493,0.0355811,0.0832004,0.0610002,0.00788473,0.000646918,0.00382803},
			{0.108767,0.00735776,0.0100122,0.0249269,0.015562,0.0114116,0.00730171,0.0923916,0.0138538,0.112308,0.0251594,0.00831075,0.259979,0.0187962,0.0142911,0.0329858,0.0608007,0.162244,0.0049709,0.00857003},
			{0.109878,0.0295589,0.000867374,0.00267084,0.028604,0.0101436,0.00159952,0.171472,0.0015037,0.241889,0.0488425,0.00201796,0.00631863,0.00393786,0.00336164,0.0148413,0.0393773,0.273667,0.00359303,0.00585493},
			{0.058736,0.00692528,0.0144651,0.0412403,0.0154694,0.015436,0.0243546,0.0388984,0.0996366,0.207192,0.103832,0.0289715,0.00833815,0.108218,0.0976056,0.0350037,0.0432645,0.0338957,0.00652556,0.0119916},
			{0.0642736,0.00525071,0.144305,0.153274,0.0286093,0.0265312,0.0545105,0.0231701,0.0452879,0.058794,0.0192273,0.071063,0.0146855,0.066931,0.0405954,0.054046,0.043602,0.0350962,0.00655203,0.0441953},
			{0.00487716,0.00503139,0.00209095,0.00192293,0.0983777,0.00615619,0.00725617,0.00400789,0.000993075,0.0277171,0.00537714,0.00145717,0.0029039,0.00350461,0.0112195,0.00329284,0.00295187,0.00708726,0.724652,0.0791231},
			{0.0552756,0.0115894,0.00846155,0.0432312,0.00961795,0.0074182,0.0218432,0.0843826,0.163327,0.0631707,0.0228359,0.0221225,0.00652522,0.0639538,0.146077,0.0387464,0.100713,0.118118,0.00298298,0.00960875},
			{0.00449551,0.00619902,0.000890609,0.000674178,0.400884,0.0013356,0.0223834,0.00805107,0.00105813,0.0341606,0.00701178,0.00318917,0.00130624,0.00157564,0.00181707,0.00502515,0.00337803,0.00946203,0.0345278,0.452575},
			{0.0505469,0.00768183,0.0101983,0.0470721,0.0160596,0.00517598,0.0176387,0.169463,0.0497501,0.209444,0.0474166,0.0132404,0.00844474,0.053753,0.051076,0.0149657,0.03846,0.172926,0.00437246,0.0123139},
			{0.0749936,0.0124353,0.0203869,0.0100161,0.0038092,0.0270453,0.00581932,0.00743392,0.014732,0.00838354,0.00640172,0.0530316,0.0176075,0.0096947,0.0117746,0.3482,0.348235,0.0157071,0.00137596,0.00291601},
			{0.0569785,0.00176591,0.102737,0.106157,0.00132179,0.0360979,0.034465,0.00311879,0.185459,0.00858711,0.00431374,0.139374,0.00855798,0.0898676,0.101042,0.0669467,0.0422839,0.00552428,0.000686497,0.00471478},
			{0.0746973,0.00394557,0.0423454,0.0906599,0.00363883,0.0183504,0.0229406,0.0156166,0.12297,0.0167059,0.00901115,0.0672502,0.0127747,0.0811334,0.0755385,0.132886,0.170553,0.0324157,0.00152093,0.00504616},
			{0.17313,0.00938612,0.0203504,0.0387504,0.00448721,0.0867075,0.0227177,0.00492238,0.125544,0.0156727,0.00787132,0.0400476,0.0180405,0.0680443,0.133335,0.142136,0.0670614,0.0136107,0.00287027,0.00531475},
			{0.00751784,0.00212117,0.000341917,0.000667876,0.0310677,0.000466913,0.000898937,0.320302,0.00103903,0.384419,0.0335748,0.000602706,0.00243131,0.00137426,0.00152778,0.00115498,0.00552329,0.199295,0.00172716,0.00394622},
			{0.113459,0.0281671,0.0268294,0.0283293,0.0928796,0.0494616,0.0733971,0.0152335,0.0176739,0.037425,0.0140126,0.0539481,0.0259048,0.0303861,0.0259068,0.121621,0.0621544,0.0350518,0.0240853,0.124074},
			{0.0810974,0.00899714,0.0930492,0.0372909,0.002713,0.0907986,0.0275326,0.00533957,0.0362449,0.00831441,0.00615441,0.177093,0.0120848,0.0316411,0.025247,0.233557,0.106302,0.00814021,0.000950692,0.00745168},
			{0.00757098,0.00716117,0.00049456,0.000891326,0.297029,0.00155605,0.00342729,0.0711141,0.00107067,0.416918,0.0635143,0.000864035,0.00349893,0.00251506,0.00186372,0.00271598,0.00424124,0.041488,0.0202374,0.0518279},
			{0.086899,0.00542266,0.0274343,0.117345,0.00568342,0.0162895,0.0386176,0.0182492,0.149526,0.048245,0.0150062,0.0265186,0.00577334,0.159013,0.149227,0.0416278,0.0492401,0.0283951,0.00272523,0.00876225},
			{0.0501736,0.0113806,0.00768113,0.0191841,0.0119036,0.00521331,0.00988204,0.203482,0.0206446,0.0870652,0.036001,0.0197961,0.0061624,0.0180415,0.0178215,0.0399964,0.162255,0.262373,0.00172457,0.00921833},
			{0.177098,0.00357587,0.0740854,0.0713923,0.00385864,0.211235,0.0161904,0.0040472,0.0370753,0.00826202,0.00369757,0.0494737,0.0543871,0.0396583,0.0340392,0.140615,0.0532238,0.0108131,0.00212448,0.00514764},
			{0.242384,0.0115188,0.00720908,0.00544261,0.00229719,0.593273,0.00205723,0.00208173,0.00287156,0.00491,0.00271204,0.00899551,0.00763059,0.00285962,0.00600369,0.0738385,0.0108329,0.00968775,0.00178961,0.00160391},
			{0.032912,0.00319267,0.143899,0.0532755,0.00166462,0.463509,0.0175283,0.000876108,0.0317056,0.00297349,0.0012156,0.131603,0.00688601,0.0251373,0.0184844,0.0491059,0.00984294,0.00239178,0.0008917,0.00290456},
			{0.0388306,0.00489943,0.0491655,0.0413874,0.00170354,0.345044,0.0421499,0.00103798,0.123725,0.00726049,0.00335164,0.119727,0.00562115,0.0664068,0.0881106,0.0460192,0.00791813,0.0020819,0.00195492,0.00360516},
			{0.0373301,0.00916334,0.0396965,0.0362168,0.0144959,0.0269081,0.220512,0.00638711,0.0634517,0.0225147,0.00718608,0.152708,0.00995802,0.108449,0.0882553,0.0609295,0.0332848,0.0105312,0.00429315,0.047729},
			{0.0171508,0.00565843,0.00111564,0.00268175,0.0490847,0.00219974,0.00370226,0.116938,0.00407925,0.500942,0.1832,0.00280387,0.00400697,0.0115255,0.00613355,0.00539456,0.0140434,0.0579479,0.00419195,0.00719895},
			{0.0238117,0.00329378,0.370777,0.0831676,0.0022275,0.053433,0.0290274,0.00288609,0.0258098,0.00370314,0.00159506,0.259554,0.00668902,0.0201877,0.0117854,0.0626213,0.0278627,0.00464381,0.000688992,0.0062349},
			{0.209736,0.0105937,0.0311812,0.0613839,0.00991105,0.0855144,0.0226071,0.0296058,0.0455281,0.0792591,0.0306389,0.019447,0.0213982,0.0610672,0.0588191,0.0820738,0.0527883,0.0722389,0.00513,0.0110785},
			{0.0295833,0.00588894,0.00852018,0.0296344,0.00323424,0.0154495,0.02992,0.00752729,0.317117,0.0212988,0.00874154,0.0312424,0.00843308,0.0831654,0.323587,0.0294177,0.0283085,0.0100345,0.00257807,0.00631797},
			{0.0937098,0.00289961,0.0255803,0.0577481,0.0140839,0.0182984,0.0300827,0.0312422,0.0867966,0.067914,0.01767,0.0206426,0.213942,0.0611154,0.0902988,0.0526724,0.0464314,0.0509513,0.00365078,0.01427},
			{0.419507,0.0176715,0.00719436,0.00880545,0.00285112,0.0865515,0.00330323,0.00419601,0.00503365,0.0048203,0.00393323,0.012443,0.0192167,0.00750218,0.00609116,0.295973,0.0660748,0.0253174,0.000942289,0.00257126},
			{0.0368106,0.0124259,0.0102859,0.0343205,0.0759532,0.00772969,0.0938663,0.0458547,0.0701169,0.133403,0.031916,0.0265402,0.00749485,0.0673302,0.10388,0.0271625,0.0353789,0.0485031,0.0254607,0.105568},
			{0.0665479,0.00185956,0.183575,0.149215,0.00127224,0.0634659,0.019684,0.00262142,0.0655694,0.00750609,0.00151282,0.0699101,0.182105,0.0446839,0.0292035,0.075452,0.0278833,0.00484561,0.000723776,0.00236318},
			{0.16002,0.00397537,0.019682,0.0286161,0.00458768,0.0326662,0.0114325,0.00722291,0.0232558,0.0202542,0.00379358,0.0142832,0.460797,0.0260458,0.0217875,0.0913633,0.0427326,0.0227118,0.0012566,0.0035159},
			{0.0843584,0.00129715,0.0847585,0.260552,0.00143564,0.0191268,0.0174708,0.00556223,0.144172,0.014456,0.00550323,0.0336163,0.00724868,0.160704,0.0742581,0.0323411,0.0355032,0.0136662,0.000760206,0.00320994},
			{0.152149,0.000925399,0.116471,0.220438,0.00150071,0.0172039,0.0095692,0.00747151,0.0529323,0.0148756,0.00356173,0.0157411,0.217335,0.0489135,0.0171707,0.044102,0.0323715,0.023915,0.000908902,0.00244332},
			};

	}

}
