package obama.sitemodel;

public class C60SiteModel extends C10SiteModel {

	public C60SiteModel() {
		super();
		freqs = new double[][]{{0.153436,0.00473066,0.0546757,0.0529324,0.00355543,0.110378,0.017448,0.00503439,0.0603929,0.0130294,0.00755506,0.0796727,0.0249524,0.0514333,0.0444389,0.202963,0.0957668,0.0101809,0.00144445,0.00598003},
			{0.0281985,0.00195035,0.00915493,0.038853,0.00159193,0.00840283,0.0155385,0.0107873,0.347604,0.0217787,0.0109905,0.0312955,0.00715399,0.0939884,0.303106,0.0197479,0.0328352,0.0135303,0.000920999,0.0025714},
			{0.00836807,0.00204339,0.000222837,0.000473154,0.0123984,0.000482575,0.000518999,0.376845,0.000629617,0.260833,0.0315701,0.000612345,0.000959592,0.000949869,0.000731977,0.000974638,0.00499908,0.293808,0.000865776,0.00171323},
			{0.222723,0.164029,0.000799759,0.00272808,0.0228667,0.0202703,0.00371839,0.0455406,0.00228329,0.088335,0.0348095,0.00612065,0.00354716,0.00510519,0.00648461,0.085004,0.101285,0.169858,0.00484248,0.00965},
			{0.041214,0.0204716,0.00174344,0.00372634,0.2239,0.00691075,0.0180294,0.115428,0.00429003,0.169356,0.0414067,0.00510677,0.00584164,0.00575385,0.00676271,0.0149106,0.0239548,0.120034,0.0332237,0.137935},
			{0.048055,0.00378018,0.208461,0.185518,0.0196001,0.0191402,0.0872162,0.00946854,0.0375741,0.0277341,0.00883084,0.0940629,0.00812678,0.0747677,0.0308438,0.0439681,0.0324589,0.0181769,0.00346657,0.03875},
			{0.00628487,0.00730276,0.000532415,0.000974149,0.397455,0.00195782,0.0102225,0.0180592,0.00162059,0.117906,0.0234722,0.00303425,0.00201656,0.00344091,0.00262469,0.00569033,0.00370918,0.0152754,0.0598639,0.318557},
			{0.181501,0.420563,0.00251455,0.000708814,0.00689764,0.0461854,0.00143746,0.00417455,0.000647425,0.00983105,0.00416114,0.0148485,0.00387672,0.0014097,0.00268454,0.186454,0.068719,0.0345742,0.00270835,0.0061033},
			{0.0600741,0.00707198,0.0170572,0.0127487,0.114091,0.0343564,0.0305859,0.0204571,0.0212367,0.0994551,0.0318166,0.0134869,0.0297628,0.014247,0.0367643,0.0505793,0.0339368,0.0217422,0.231281,0.119249},
			{0.0708395,0.0131641,0.0324483,0.0508264,0.059436,0.0183309,0.0567273,0.0650369,0.0343618,0.128226,0.0390363,0.0416822,0.0135608,0.0494875,0.0474098,0.0551343,0.064226,0.078961,0.0137118,0.0673934},
			{0.0617689,0.000719984,0.343023,0.379251,0.000981419,0.0284659,0.00795921,0.00169996,0.0216077,0.00399453,0.00197343,0.0303082,0.0174791,0.0307856,0.00763329,0.0337832,0.0203427,0.00589923,0.000613027,0.00171028},
			{0.042156,0.00444503,0.0164385,0.0531949,0.00867283,0.0134711,0.0177765,0.0267728,0.132374,0.196724,0.118283,0.0286981,0.00518379,0.139369,0.104207,0.0255853,0.0333292,0.0217067,0.00458523,0.00702815},
			{0.281481,0.0258338,0.00643857,0.0115046,0.00504817,0.0270055,0.00546297,0.0188216,0.00987128,0.0190993,0.015872,0.0172868,0.012951,0.0133102,0.0100367,0.188681,0.24271,0.0837524,0.00122746,0.00360529},
			{0.276919,0.0318293,0.00116725,0.00247525,0.00708439,0.0199647,0.000517086,0.0983109,0.00162322,0.0489264,0.0173415,0.00213153,0.00701797,0.00182163,0.0017227,0.0336349,0.0814141,0.362092,0.000711814,0.00329423},
			{0.15778,0.00533181,0.064829,0.0913587,0.00250478,0.090621,0.053381,0.00291716,0.0782149,0.0156226,0.0045759,0.0570403,0.00670778,0.106537,0.111214,0.092931,0.0393123,0.00850409,0.00285758,0.00775903},
			{0.0593735,0.00153322,0.218948,0.181942,0.00108383,0.0813707,0.0220478,0.00209936,0.0750172,0.00561913,0.00218717,0.115118,0.0109737,0.0688752,0.0354741,0.0726449,0.0380238,0.00426697,0.000734646,0.00266649},
			{0.0978066,0.00641384,0.0120781,0.0291283,0.0198964,0.0128913,0.0128037,0.0723904,0.0245631,0.127944,0.0303267,0.0101844,0.272352,0.0307876,0.0265576,0.0350549,0.0484557,0.115203,0.00468425,0.0104774},
			{0.0124023,0.00418857,0.000603732,0.0012524,0.0610615,0.00113068,0.00135421,0.234417,0.00167182,0.455056,0.0667308,0.00092391,0.00370762,0.00329574,0.00306804,0.00194209,0.00676129,0.129048,0.00389372,0.00749118},
			{0.0794231,0.00199195,0.0587236,0.12469,0.001287,0.0325432,0.0238605,0.00362772,0.21476,0.0097988,0.00418462,0.0662793,0.014241,0.114388,0.129474,0.0615807,0.0477334,0.00781872,0.000652537,0.00294202},
			{0.0248149,0.00278397,0.427883,0.143239,0.00146804,0.0643968,0.0185737,0.00225069,0.0179274,0.00345586,0.00157145,0.188892,0.0073768,0.0210778,0.00835529,0.0377003,0.0187768,0.00460727,0.000589186,0.00426027},
			{0.00170034,0.00290594,0.00107115,0.00117317,0.0513377,0.00355796,0.00276305,0.00122912,0.00042738,0.0127421,0.00256713,0.00042229,0.00135367,0.00164242,0.00606743,0.00118717,0.00140331,0.00331373,0.864044,0.0390913},
			{0.0468361,0.00599541,0.0185616,0.0705436,0.00801772,0.00454353,0.0152063,0.155061,0.0866248,0.0824253,0.0245854,0.0205604,0.00814856,0.0557031,0.0639797,0.0237026,0.0962054,0.204749,0.00183687,0.00671317},
			{0.0258765,0.0142504,0.0107037,0.010565,0.187643,0.0073065,0.141108,0.0114778,0.0119179,0.0407992,0.0098799,0.0298384,0.00512288,0.0158529,0.0201097,0.02757,0.0170765,0.0187502,0.0405125,0.353639},
			{0.0296285,0.00900465,0.000885102,0.00330465,0.0408798,0.00279695,0.00507015,0.25834,0.00466909,0.266809,0.0770825,0.00349444,0.00269182,0.00554811,0.00464003,0.00685381,0.0322266,0.22719,0.00355061,0.0153353},
			{0.0555726,0.00974186,0.014039,0.00694432,0.00344967,0.0157957,0.00416313,0.00698265,0.0139225,0.00752712,0.00587627,0.0409064,0.0119733,0.00687277,0.00984479,0.348247,0.421366,0.0131119,0.00100615,0.00265768},
			{0.0682671,0.0141433,0.0360279,0.0497415,0.0803376,0.0268697,0.112767,0.0132647,0.0482609,0.0544494,0.0170034,0.0530661,0.019195,0.0612274,0.0615207,0.067184,0.0443996,0.0267714,0.0199958,0.125507},
			{0.0792619,0.00495033,0.0436646,0.0829639,0.00491311,0.0183429,0.0233169,0.0249427,0.0932578,0.0221483,0.0120893,0.0635289,0.012636,0.0666365,0.0638377,0.133485,0.191675,0.0503102,0.00180401,0.00623531},
			{0.0731759,0.0123459,0.0110007,0.0349943,0.00931488,0.0224509,0.0386903,0.0246226,0.178334,0.0508307,0.0185741,0.0324201,0.0148723,0.0858952,0.210534,0.0603181,0.0649575,0.038504,0.00510464,0.0130597},
			{0.0878403,0.0171147,0.00328039,0.0101466,0.0191954,0.00870909,0.00549022,0.198776,0.00820969,0.175646,0.0417233,0.00608012,0.0111284,0.0109832,0.0110332,0.0209863,0.0697719,0.28252,0.0031744,0.00819055},
			{0.0990216,0.0108996,0.0118798,0.0279,0.0214442,0.024025,0.0123445,0.0776565,0.0322818,0.235451,0.120767,0.021115,0.00756555,0.0557711,0.0349352,0.052417,0.0649785,0.0771067,0.00470758,0.00773287},
			{0.0601641,0.0315067,0.0337189,0.00598395,0.00695259,0.0543081,0.0531524,0.00706508,0.0139598,0.00706981,0.00882987,0.278352,0.00758343,0.0210646,0.0161995,0.28298,0.0860317,0.0100954,0.00149666,0.0134849},
			{0.00497817,0.00529787,0.000531537,0.000763055,0.335112,0.00150513,0.00415752,0.0443829,0.00116151,0.441742,0.0602807,0.000701221,0.00278477,0.00240899,0.00184123,0.00257958,0.00302885,0.0237677,0.0171303,0.0458456},
			{0.0251997,0.00970995,0.00410123,0.0262572,0.0429092,0.00380673,0.0431939,0.0974043,0.0824313,0.24472,0.0539323,0.0142032,0.00526585,0.0620071,0.111447,0.00960931,0.0251183,0.0783303,0.0146572,0.0456965},
			{0.0230362,0.00485801,0.000626444,0.00157626,0.0072127,0.00115653,0.000889924,0.39529,0.00146635,0.0576537,0.0140987,0.00135344,0.00201779,0.000987005,0.00147487,0.00287702,0.0205581,0.460366,0.000547769,0.00195391},
			{0.140878,0.00322137,0.0285077,0.0423839,0.00412311,0.0299558,0.0131321,0.00669145,0.0383782,0.019512,0.00362769,0.0171298,0.438347,0.0320632,0.0297808,0.08514,0.0422766,0.0198195,0.00132369,0.00370876},
			{0.444249,0.0235405,0.0057193,0.00648899,0.00244132,0.0822688,0.00255057,0.00336151,0.00380971,0.00409901,0.00286831,0.0102305,0.0162891,0.00559976,0.00502166,0.299997,0.0559665,0.0226608,0.000773543,0.00206398},
			{0.0898718,0.00441315,0.0129167,0.0058957,0.000807357,0.808756,0.00165179,0.000433928,0.0033939,0.00155645,0.000425342,0.0130068,0.00341281,0.00238065,0.00709583,0.0362877,0.00328875,0.00202896,0.00152239,0.000853745},
			{0.055084,0.00358249,0.12738,0.0655885,0.0040375,0.0637608,0.0404883,0.00755742,0.0867683,0.0136305,0.00816842,0.187783,0.0110682,0.0527969,0.0472254,0.126338,0.0752544,0.0102728,0.00135637,0.011859},
			{0.0117681,0.00703883,0.0144712,0.0110901,0.0338266,0.00496266,0.433719,0.0061337,0.0137929,0.0298795,0.00762376,0.0844145,0.00813461,0.103834,0.0442559,0.0140571,0.0108277,0.00837578,0.00806831,0.143725},
			{0.0159286,0.00805199,0.00109669,0.00213242,0.0743651,0.00250864,0.00491921,0.0501544,0.00355994,0.530763,0.216009,0.00326926,0.00452474,0.0134552,0.00480987,0.00669222,0.0119092,0.0281012,0.00709281,0.0106565},
			{0.0195973,0.0034539,0.309985,0.0250778,0.00197065,0.0627529,0.0295961,0.00326504,0.0240964,0.00282469,0.000842506,0.32891,0.00490628,0.0116197,0.0105143,0.106498,0.0438054,0.0040302,0.000633396,0.0056198},
			{0.0833804,0.00819811,0.0686821,0.0227415,0.00241326,0.0982292,0.00739549,0.00174712,0.0129342,0.00396531,0.0019558,0.0969824,0.0355924,0.0121521,0.0125871,0.311561,0.211337,0.00471386,0.0016329,0.00179911},
			{0.0181409,0.00851436,0.00333335,0.00965319,0.00354269,0.0224553,0.0375239,0.00350905,0.320807,0.0149147,0.00460989,0.0233205,0.00871975,0.0526694,0.412966,0.0262309,0.0131791,0.00447465,0.0034767,0.00795882},
			{0.249423,0.0122863,0.0169234,0.0370491,0.00773609,0.0347468,0.00870696,0.0595718,0.0177065,0.0451065,0.0204556,0.016412,0.0686404,0.0228502,0.0185482,0.0889296,0.0986017,0.167252,0.00286039,0.00619385},
			{0.141974,0.00688567,0.0537452,0.040754,0.00402861,0.398811,0.0152896,0.00166276,0.0314274,0.00923483,0.00554255,0.0576297,0.0180329,0.028624,0.0373946,0.112373,0.0242478,0.00484629,0.00259091,0.00490542},
			{0.0178903,0.0290304,0.00310543,0.00405034,0.0238913,0.010048,0.12527,0.0016708,0.023334,0.0722357,0.0116142,0.0155854,0.000993842,0.105182,0.195884,0.0181676,0.018626,0.0113865,0.226055,0.0859787},
			{0.145476,0.00141863,0.129425,0.247135,0.00175521,0.0319651,0.0130426,0.00585254,0.0818154,0.0123593,0.00441789,0.040042,0.0151136,0.0906469,0.0420979,0.0656688,0.0511289,0.0169401,0.000773144,0.00292584},
			{0.0169799,0.00220872,0.104366,0.037638,0.000678059,0.540447,0.0181137,0.000745968,0.0508618,0.0021147,0.000947377,0.131805,0.00387544,0.026935,0.0242347,0.029703,0.00458362,0.00158917,0.000603189,0.00157041},
			{0.0402646,0.00393887,0.0293968,0.160352,0.00411534,0.012926,0.0617968,0.00984913,0.14488,0.0354919,0.0124819,0.0323829,0.00433742,0.249701,0.115202,0.0243247,0.0305645,0.0156027,0.00266766,0.00972278},
			{0.225691,0.00433901,0.0637125,0.115483,0.00274401,0.0867335,0.0131067,0.00850862,0.0660469,0.0193314,0.00648772,0.0244309,0.0611149,0.0578159,0.0523417,0.107088,0.0507677,0.0299883,0.00136959,0.00289829},
			{0.00331642,0.00518907,0.000826647,0.000513413,0.380176,0.00104328,0.0278451,0.00418953,0.000714992,0.0111212,0.00236218,0.00308302,0.000836508,0.00110249,0.00153108,0.00358767,0.00236089,0.00607663,0.0333347,0.510789},
			{0.199501,0.058459,0.00949551,0.0125535,0.0634434,0.0939787,0.0341857,0.014021,0.0118723,0.0449388,0.0246991,0.0392255,0.0145385,0.0254265,0.0236079,0.166392,0.0533159,0.0367303,0.0129803,0.0606346},
			{0.0319449,0.00660403,0.0378075,0.0279488,0.0108916,0.0365541,0.208864,0.00475423,0.0868665,0.0156546,0.00432533,0.208471,0.00608996,0.0766373,0.101167,0.0577657,0.0302051,0.00605852,0.00260019,0.0387897},
			{0.07768,0.0140093,0.00806517,0.0112622,0.0173585,0.0136868,0.013373,0.123964,0.0129145,0.0724671,0.0420745,0.0403217,0.0117084,0.0179996,0.0142519,0.0922724,0.23169,0.167914,0.00281536,0.0141727},
			{0.118366,0.00356248,0.0495595,0.153759,0.00686657,0.0194993,0.0229373,0.0302661,0.0982304,0.0571251,0.0171727,0.0259525,0.0175153,0.120492,0.0805193,0.0486588,0.0635796,0.0553336,0.00230083,0.00830274},
			{0.052856,0.000862588,0.209276,0.402419,0.00126507,0.0155838,0.0124149,0.00548648,0.0497017,0.00902565,0.00423571,0.0264744,0.00631856,0.121241,0.0193569,0.0197263,0.0235464,0.0159764,0.000838161,0.00339487},
			{0.0344366,0.0020986,0.113901,0.054178,0.00315576,0.336164,0.0461777,0.000346342,0.0667553,0.00483557,0.00197045,0.163672,0.00403698,0.0605414,0.0426222,0.0481173,0.00891481,0.00201106,0.00065101,0.00541456},
			{0.115309,0.00149624,0.175552,0.174941,0.00157002,0.0394181,0.0132402,0.0056913,0.0433118,0.010141,0.00303321,0.0458477,0.16658,0.0366731,0.0151279,0.0871536,0.0468261,0.0141932,0.00075157,0.00314327},
			{0.386515,0.0218928,0.00223668,0.00313878,0.00392814,0.369435,0.00146729,0.00853761,0.00188405,0.0127257,0.00805817,0.00304205,0.0158688,0.00214647,0.00375793,0.0808877,0.0305196,0.0410635,0.000992288,0.00190203},
			{0.0146571,0.00243179,0.000521057,0.00148744,0.00916375,0.00209533,0.00101819,0.19139,0.00228984,0.44328,0.221743,0.00129983,0.000768515,0.00493628,0.00288413,0.00272515,0.0170997,0.0778557,0.000877938,0.0014756},
			};
	}

}
